15
5 5 3
1 2 1
2 3 1
3 4 1
4 1 1
4 5 99
1 2
2 3
3 4
6 7 2
1 2 1
2 4 99
4 5 1
5 6 1
4 6 1
2 3 1
3 1 1
1 2
3 4
5 8 3
1 4 488015146
1 2 730797635
2 3 658152376
3 4 39486814
1 2 313929437
2 1 298832984
5 3 555149603
2 3 386022398
4 6
3 7
3 2
10 12 3
8 6 196315469
2 4 520654004
3 7 869306069
9 4 998828047
6 1 587900824
2 4 728506368
7 1 300016468
10 3 977331668
7 8 615429426
9 8 317675138
5 9 671283600
9 7 765449461
6 9
7 3
1 12
30 34 4
21 19 543210432
28 11 73026471
25 30 887127165
19 2 442206944
6 17 628834040
13 23 216482949
18 2 507907451
29 20 270282022
9 4 957604414
17 18 715142466
5 24 755256335
29 19 859278442
16 3 990315207
16 11 24653908
5 11 947491101
12 6 41907285
6 21 575259842
23 9 455826945
23 21 327093956
1 9 558142941
23 21 46295982
20 22 803930987
27 20 889954269
11 28 719066100
19 7 41735678
15 14 590058461
27 25 869510327
15 7 661158511
16 8 302219243
15 11 139314773
15 12 368632593
3 14 891609401
26 8 192053145
10 29 812932946
12 17
25 27
3 19
2 21
30 34 4
30 2 836553751
26 14 122154929
5 14 245937776
9 28 968227088
1 17 101688057
6 21 201013257
30 21 553677776
1 19 901409957
1 23 389268319
18 12 551692809
17 25 652570127
16 17 865254974
16 7 295579522
7 14 323093678
4 19 625816303
15 24 783511494
21 29 70403462
2 17 676191354
11 16 201238236
8 1 275629732
23 27 675523280
27 16 828108149
16 24 282929516
10 30 516734314
18 13 641698471
29 25 760392068
20 4 690121499
8 28 102849471
24 3 401285130
2 22 677297391
13 2 455153733
29 11 195750543
11 12 703877841
28 16 939737389
13 19
21 19
29 10
1 24
10 20 8
3 8 81
7 10 11
3 8 72
4 9 31
6 2 91
8 1 34
5 8 22
8 9 7
7 3 45
9 7 6
5 1 88
7 8 15
10 2 84
8 5 47
8 9 83
5 9 12
2 9 93
10 3 97
6 9 63
1 8 24
9 11
9 2
10 2
3 15
19 20
11 16
15 11
7 1
50 80 10
49 37 130123515
20 21 451472210
2 43 53212755
37 15 170306917
30 4 273732426
5 29 973755388
30 46 8807297
47 38 492140446
43 34 193197746
23 30 556232549
43 30 159536386
46 20 804779526
33 2 293574600
31 32 602840471
43 21 757361440
16 43 796266041
24 40 348380643
42 20 986991678
50 29 798107869
1 32 233393759
21 27 274025815
45 28 391366934
6 26 89654863
35 43 576726080
19 46 651134705
2 14 674408082
46 9 625849912
14 43 593894536
36 24 115983540
11 40 360713934
32 48 276245225
17 7 421568092
18 4 809277906
26 23 73500856
37 3 949357145
14 32 10840861
19 48 680120813
29 6 796849530
10 7 950035841
46 47 524326012
49 19 771958159
8 15 665081898
29 1 769124603
30 7 493264063
21 3 228878823
20 25 115486645
13 36 442154202
16 35 20553554
13 50 447106502
14 37 909309193
29 10 295261644
48 31 863568785
39 25 390751706
48 2 838318467
24 35 574483823
25 17 823621076
21 33 142439978
5 10 331728792
28 11 810334193
48 41 202792637
47 17 488325842
8 41 12804551
43 25 395390699
13 26 869002942
4 18 195771391
38 44 992072126
7 33 791037311
44 40 480260590
42 2 549926702
29 49 73289676
33 28 608256944
35 2 637186573
26 47 907442593
12 46 247835783
35 37 358395137
44 25 697117909
11 19 261309474
29 2 868015294
30 22 35311186
38 45 808624260
49 4
1 46
58 71
59 4
16 30
33 41
76 33
33 55
13 43
43 59
20 40 5
7 5 296
4 13 214
14 9 280
7 20 97
8 7 319
13 7 313
11 19 71
18 1 275
13 14 222
15 10 4
13 19 329
20 4 429
14 5 409
13 6 155
2 5 295
2 3 56
13 20 220
6 14 204
11 10 304
9 15 277
10 15 156
3 10 232
11 16 47
3 4 158
2 14 82
7 18 28
19 1 481
6 16 48
8 4 148
10 7 330
10 5 117
3 1 43
10 4 369
7 1 338
6 8 312
12 11 96
16 15 52
9 5 355
6 7 293
17 13 149
31 26
14 3
1 35
39 1
2 23
20 40 5
16 12 448
3 7 180
14 3 249
4 18 470
12 7 269
10 8 99
12 16 131
5 14 323
5 14 413
6 15 411
9 4 341
3 15 203
3 11 226
6 18 271
4 19 464
2 7 7
1 3 435
13 20 419
18 7 181
17 2 131
18 4 394
9 1 52
9 17 193
13 7 121
8 11 417
6 16 23
4 20 97
17 4 494
19 1 239
16 15 85
1 18 38
7 13 477
2 20 96
17 10 459
8 20 228
18 4 142
8 17 347
18 17 290
3 2 38
13 18 261
28 4
37 24
4 26
2 18
17 7
50 70 10
35 42 473059770
11 15 237754488
49 41 548962437
14 49 483517264
16 45 499222535
18 33 227687664
36 3 84009889
46 37 67012675
23 12 279228111
28 29 978867102
47 39 790311263
36 14 10046756
1 22 115534612
16 11 420283625
45 23 877410072
34 33 41149704
17 50 277856472
15 17 10469913
3 33 744932631
13 31 851931349
26 12 308073819
27 9 488093124
42 35 588681983
28 43 264957516
27 10 963189910
26 39 335277179
2 28 530577760
47 35 825482074
46 38 921814008
49 40 519403445
14 7 990179988
27 23 728301467
42 45 920270944
6 26 287831804
19 31 429919967
13 44 929362992
8 46 667052379
15 13 610575703
27 1 437148103
39 5 661348803
45 35 769238943
45 34 711623927
4 22 52066480
31 4 68733656
10 34 675878600
6 12 230129957
8 44 815437500
50 27 583216726
43 21 91629650
43 32 389903979
11 34 647736803
14 6 722844758
40 37 692427223
24 15 931510018
23 35 268838222
1 14 583190827
40 46 211405450
10 20 160668028
20 30 875814137
42 16 194182322
3 39 612748275
17 26 736745907
48 9 206555784
11 25 173477852
30 17 17069037
22 43 431067633
39 44 980234089
15 14 949526649
47 45 71709661
47 17 930270817
3 46
1 57
28 58
52 38
3 66
55 13
45 46
30 2
21 42
44 65
50 90 10
7 33 345095219
6 43 378461618
49 44 310865791
1 36 30287060
8 45 733646448
14 31 327102407
32 40 190358870
16 40 623965303
24 20 330901014
48 31 362217444
44 28 456541462
2 18 930034096
42 50 392595412
41 30 251262507
40 44 176105429
16 44 997342457
33 13 741722872
4 17 163487135
23 16 726852691
17 38 14066327
10 3 817662747
39 8 885388484
14 33 382924618
37 7 415052371
11 40 848793097
30 46 434958199
43 12 542168056
33 18 545248376
2 46 220926451
8 26 910621712
44 8 136222442
43 36 170439694
23 50 963289048
8 43 705927094
13 5 509247243
17 23 654971989
33 34 623193649
6 23 566738434
24 33 188909293
13 2 877240197
26 28 224929756
45 23 992395735
2 20 336780374
15 23 96136388
13 18 555967308
49 20 291413377
26 1 252472334
21 2 270810471
49 27 909535214
36 4 143697933
38 21 920759784
7 42 811353966
24 40 974518750
18 8 966838249
46 43 371033872
38 5 355221818
19 48 298352588
18 39 812439740
16 6 964432532
37 20 757424273
5 31 690263336
49 30 59622535
12 29 955814965
27 34 931512020
29 12 50457749
35 7 369126397
44 37 55668591
22 20 469867135
35 28 463192205
43 41 948842015
43 13 783051462
6 3 898492898
34 10 821514833
35 36 735776540
45 9 918493012
41 34 378822943
12 24 308810516
34 13 962953832
9 5 850074768
40 17 567959396
16 29 941094248
43 36 316530715
12 26 452468321
5 8 120103273
10 44 670660841
25 36 171025292
2 14 528308067
5 33 878380844
46 47 61255720
46 11 873929518
36 13
14 4
17 69
32 68
30 24
10 25
83 37
84 68
7 57
83 1
50 95 10
7 41 892896851
9 18 191377303
30 28 146452104
33 28 217479166
46 21 637085088
31 28 441624449
5 46 243280812
23 11 302368782
27 45 633079045
26 6 581580215
26 13 767707968
20 28 112323870
48 9 5940586
27 48 235281827
36 35 943699297
13 12 256303893
15 5 563525991
16 26 287553242
12 18 497624631
29 25 993180877
12 3 459926344
8 24 880745025
8 37 60896783
6 46 705870306
35 14 299174471
38 4 956278138
28 16 735526076
48 42 778089147
9 6 427129094
12 43 789631125
25 42 65916463
47 14 262342870
29 3 63642443
24 26 371962869
47 45 368510549
48 35 244754776
32 30 140957439
32 16 913370240
34 17 873973810
45 13 324143573
13 32 617619561
27 41 914002955
34 49 456316475
11 9 395446108
40 16 472599463
6 25 731504133
1 46 617846777
12 10 488558535
31 28 791581549
48 14 351525986
4 36 845867739
45 35 127904577
24 4 388169475
50 12 325433547
39 23 719249500
18 37 770481689
30 38 589751161
46 19 977804292
2 42 47275350
18 35 222451398
48 15 571397164
34 4 606207902
30 44 548806309
18 45 688890426
20 47 872478334
48 5 541421021
5 24 877733632
35 16 921408620
44 21 44560082
30 7 817068524
15 16 442313748
13 26 719176993
47 28 369770694
48 41 304106048
43 12 667204834
22 13 139845370
42 11 996486325
44 7 57968458
46 34 298392411
22 7 183742660
47 41 25251948
27 29 601019489
10 16 221563705
50 12 738978555
46 50 871048491
42 25 910359278
21 38 271346209
36 34 643509152
46 33 359233248
32 23 26582490
46 39 260894967
49 27 853031485
41 2 736801439
34 30 584063285
47 14 501423233
27 86
70 65
34 88
95 71
45 47
78 39
4 75
43 13
34 7
43 80
50 200 16
48 13 988587794
43 46 98684805
12 43 558994965
10 16 104300330
27 40 218473543
4 32 772214625
31 12 93461913
10 47 750522704
24 35 871112978
29 34 82077496
18 15 511521085
20 30 44752709
43 25 666300971
32 31 850462915
47 38 122725986
49 31 771796694
10 3 528807250
30 19 900631622
38 37 831739687
41 9 640932359
26 18 322255117
34 23 279680123
5 46 244388934
48 49 509958563
11 20 520336290
29 43 724986047
44 4 287896113
12 16 755464196
5 16 755354452
11 19 880101755
50 40 21855597
2 35 979858976
8 48 874258914
17 18 805808342
17 28 910368303
11 19 316410069
5 48 625934652
15 34 688588185
36 31 38129461
14 23 172356727
13 9 565619592
13 39 634212451
43 11 439898598
41 10 973577367
2 38 339286613
2 40 122608910
1 26 827134381
4 36 539897365
29 3 825891615
9 24 948172897
15 45 416941203
5 23 446441321
40 46 254595843
11 48 440692215
6 1 677866780
13 39 676643117
24 10 45233604
37 23 480018031
24 45 57153380
8 42 561267951
30 11 804387838
17 13 112289238
26 37 365456249
18 16 731344438
45 10 213725865
9 1 112223313
21 9 910072571
40 39 843790291
18 9 71518674
17 7 885539087
28 10 488490482
24 49 958246763
37 27 445328533
48 11 35350383
42 17 695593712
9 27 832159553
9 19 823884381
38 36 614041197
16 1 314898024
21 43 534151752
21 46 713336160
8 39 243304019
37 6 956178766
21 7 128177769
31 9 340032086
7 8 716811421
27 24 701550831
14 5 403311377
16 31 523999097
33 38 110623789
32 22 821445138
25 13 478400511
14 2 373856962
35 4 635058608
19 15 906013520
35 47 619178060
34 2 280139106
44 49 738124880
2 9 662139058
33 12 175491004
12 22 171213951
10 20 29410972
36 1 776537225
33 25 503671876
48 37 965825840
3 23 698656180
28 30 117349266
34 50 286399964
12 22 69347771
3 16 919333049
25 45 42673738
30 13 61350022
48 41 798614030
25 11 803320436
22 45 111420814
3 6 166594719
17 24 478499708
42 1 668129606
6 17 38012023
8 30 847943526
16 32 704006585
16 25 18751824
42 17 468502389
13 12 155339211
5 2 486737176
19 13 473576163
27 40 460139179
35 21 549750138
43 4 954617859
45 21 606085930
40 7 202341770
47 11 780738599
42 35 11136956
39 30 681502486
40 47 965896625
9 48 107914523
4 49 495370835
41 10 268185226
21 28 867644164
46 47 857527551
2 22 215911911
19 22 277910473
25 37 963632907
14 17 460309993
36 13 385300769
46 49 706562332
38 2 357015949
9 30 923675557
18 45 847390958
10 21 826456264
31 40 95297645
34 32 930531397
36 44 564302716
27 42 208760623
6 43 68821701
4 38 385218284
25 5 249560184
43 3 195746629
33 14 346405697
20 38 95833302
44 49 337717382
45 9 978106679
11 24 234779582
46 8 155546796
49 18 474108929
44 14 514343766
23 33 494662179
23 50 806239751
41 5 815893236
6 8 255997258
41 38 935303295
17 47 497417027
28 37 952940121
23 35 828874612
27 28 38444131
9 49 890799494
35 41 824094353
50 26 230621860
6 1 171166083
46 41 127575824
43 31 799522083
14 1 311796732
17 1 159827336
7 45 850464197
4 16 590734778
40 8 856333092
14 37 100952888
23 31 626466297
14 20 700544089
32 31 861518512
3 42 150739658
31 17 511758203
5 30 259858145
47 38 725006542
17 4 999532931
38 48 719028964
43 47 155984325
21 4 362268213
18 34 197505173
1 3 981799714
88 55
2 136
43 120
113 104
52 144
130 103
29 32
114 7
196 67
121 108
195 126
114 143
56 103
54 150
14 122
41 162
50 200 16
25 29 699537422
4 40 523838639
5 23 684682069
47 37 525478807
8 7 419657485
46 3 683382502
17 47 35880459
48 31 761243045
11 27 85048696
46 37 8431794
29 9 126730837
19 25 232674002
44 29 970889690
47 38 841306381
20 11 591435730
20 28 557975867
8 3 130590008
28 5 693174032
21 35 8115395
42 7 247562238
24 23 491067948
29 16 296166600
25 42 700484678
8 21 524408231
28 25 251295558
17 38 717627454
50 16 631079377
28 5 609202909
37 23 854249124
35 2 351672513
36 11 185565682
43 41 434311502
30 28 996701392
22 5 624726135
24 31 729327686
13 24 92260568
45 7 781125338
5 36 262595108
32 45 751872695
26 33 936465145
31 27 8695223
40 10 147324729
37 43 200246778
2 19 197962361
26 22 326658777
40 36 819273761
2 44 312659784
17 47 866222421
36 34 62171663
14 45 530159815
45 4 224886620
49 17 147196144
3 49 584731294
29 32 197066092
19 12 511120046
32 24 304275061
16 24 98436001
20 23 414281128
21 35 367781102
35 28 383164304
24 9 395584415
26 45 874235326
48 41 866537923
15 36 859279694
20 30 677470571
28 3 253562404
43 50 661938373
20 12 44179281
14 10 558868032
17 20 815706451
17 1 970445497
41 21 324872504
37 32 353912604
25 18 321707468
22 2 158837772
8 2 73372750
31 13 198883677
45 48 119817835
34 40 560760978
19 49 386397554
25 46 205197979
14 2 842996977
27 20 332031616
15 28 213405510
16 31 447370694
43 30 714195148
27 4 854154407
21 34 262446748
1 31 401127808
24 15 59173417
32 8 209789427
36 17 504571166
10 12 769102780
17 39 528340797
9 36 712702500
28 8 26059836
34 22 923495575
14 1 15281103
48 38 529160140
35 11 927632475
14 36 995416182
7 49 195954954
38 6 514814856
40 20 424302652
14 6 661372258
39 27 620162434
15 31 166942851
15 14 314434730
16 29 669075872
40 47 919574917
4 14 963714088
24 38 133090408
49 45 574881685
4 12 905328035
28 5 64673063
49 13 675231834
45 46 593205465
28 21 993822080
19 33 125890475
44 6 400335347
38 16 486525593
33 15 87202010
26 19 207099610
40 28 822458334
25 17 203244339
21 40 780050134
13 44 319302029
29 2 300798704
42 40 405430540
21 48 820813712
26 39 281505361
10 13 876198734
27 11 732793525
5 33 7939042
13 35 276483742
20 10 539941851
40 23 367282238
44 2 245412724
26 47 819438934
35 29 242452965
44 31 527481818
19 47 504869636
32 4 174375042
32 31 25385744
37 1 639871412
28 22 571601144
23 34 127063624
50 21 819283331
11 8 914298129
44 17 539878434
48 21 975665456
12 40 854982225
21 23 104278183
8 39 698771154
39 10 128638361
46 32 231759914
7 25 943007292
5 40 233111074
23 12 226268278
16 24 79269955
2 19 435205507
32 40 270304126
28 15 956538189
40 41 696015235
23 44 560546355
5 17 580528242
10 43 890633585
13 7 236946927
29 13 494951274
8 38 435042489
4 9 727879295
44 25 987569752
24 19 451025473
14 2 362305155
29 5 343756311
3 42 568720963
33 17 958310832
18 6 751037702
10 12 28778717
17 12 132555289
49 19 56364452
17 34 958965063
40 29 256711856
23 16 181461904
29 27 333339487
42 37 830796074
33 30 456802344
37 28 989803097
10 14 388497168
13 21 223722169
18 13 331530582
48 20 385192715
12 8 515653811
9 2 463841714
17 22 565955512
46 30 650703440
12 13 190778411
35 20 228294996
48 38 148482938
34 1 542256207
47 26
34 164
40 9
186 145
16 40
174 7
167 4
77 62
160 84
5 110
154 132
80 119
16 181
154 113
50 19
4 84
