10
10
78798 11145 38009 60802 8565 77415 56750 93284 8438
77281 71995 75079 19102 89074 32669 30262 51068
69077 33023 23976 1644 54164 51343 26727
42709 99915 31150 96098 68341 71908
84498 72845 40082 74027 54133
20494 20225 77713 79446
11561 48273 53931
51661 59787
63879
10
5842 5912 27032 37337 63034 98627 87382 92109 65782
87554 93234 26273 87304 73039 88912 51547 5684
43016 37397 14393 87476 89544 1527 86159
23962 52147 19913 19222 95884 3013
44875 93546 34810 2130 52238
18177 90672 78068 37001
51376 10488 79387
69560 17464
63158
10
99512 1 86252 1 1 96443 94443 98256 1
1 89243 95432 1 1 1 1 93527
90029 1 1 1 68113 1 89063
1 88025 84103 79739 84521 93098
1 1 67353 1 1
94228 1 75907 97259
1 1 1
1 1
1
10
410 410 410 410 410 80420 94493 410 410
48812 298 96 385 486 76130 157 23880
298 157 385 486 157 157 38446
25029 385 78752 23716 46009 198
385 62592 157 157 58847
486 385 23803 385
65274 486 62210
1 46355
298
10
66251 73977 60771 96150 1 1 88434 934 56580
1 1 99797 1 82896 1 98623 48318
1 91975 1 1 94840 75881 84037
1 77472 71174 1 99207 1
1 1 1 60029 1
99599 1 91978 93774
1 77670 65653
72283 1
73945
10
784 8523 98740 2278 97088 7232 90510 143 75542
99434 1 2278 94669 7232 93180 91363 7232
94670 94815 97655 95840 92348 99809 95297
2278 97086 7232 9052 96008 7232
6708 7232 9052 97731 7232
7232 91374 6708 7232
97970 7232 6548
94367 99836
7232
10
96432 99939 97189 264 98404 99765 97983 240 18
99819 178 98330 99580 27 64 99947 1
240 264 240 240 240 73 99794
97325 178 96622 178 240 178
264 264 264 264 264
173 99465 240 99937
64 240 98366
99771 98987
99724
10
1 1 1 1 923 1 923 1 1
1 1 1 923 1 923 1 1
1 1 923 1 923 1 1
1 923 1 923 1 1
923 1 923 1 1
923 923 923 923
923 1 1
923 923
1
10
49969 181 91678 42240 303 80387 87123 39793 93238
39 92157 66060 38028 43668 433 90198 89225
84021 278 66444 69661 82082 44714 89337
88381 94990 78513 346 89408 79959
68961 162 81505 63696 90124
74459 87402 112 96173
433 65198 79811
80668 1
88089
10
93812 80563 346 95798 97074 499 94781 499 94209
78134 71975 66120 272 499 1 95326 315
74145 188 499 76937 499 100 97279
86866 96220 95200 224 90855 73852
89439 66025 86257 88980 499
499 89479 92865 315
499 404 499
499 315
68953