9
7 3
0 4
6 6
7 7
5 1
1 1
7 9
1 8
1 6
1 7
4 3 6 2 7
10 5
0 2
6 6
4 10
1 6
1 7
1 6
5 1
1 9
8 1
1 1
7 9 8 6 2 4 1 3
1 6
2 5 7
1 9
1 10
10 5
0 30
1 23
10 28
1 5
10 55
10 12
1 34
1 38
2 34
1 66
6 3 5 1 2 8 10
8 6 1 4 5 2 7 8 9
2 3 6
2 2 9
4 6 5 3 10
50 15
0 37
4 32
36 89
45 44
2 37
8 68
22 3
30 75
6 57
23 56
25 43
14 62
27 58
31 52
10 66
22 79
39 96
26 17
3 46
35 37
36 36
27 72
1 30
31 2
8 81
42 30
11 6
35 51
23 79
38 82
33 56
22 59
11 16
15 19
39 99
38 13
40 24
1 60
44 86
1 47
43 54
36 74
39 74
1 92
38 61
39 76
42 59
20 48
23 64
37 85
1 18
1 50
10 14 33 32 31 22 24 27 7 12 16
1 9
4 20 39 48 41
1 43
28 36 27 11 14 8 25 4 45 3 7 18 2 47 26 30 16 19 24 9 12 32 6 33 22 31 5 13 38
2 32 22
9 32 13 22 11 31 12 27 7 24
2 50 37
1 18
2 19 3
4 15 29 10 23
4 28 20 48 35
1 24
50 15
0 80
7 972
13 28
3 691
23 298
13 129
48 570
36 608
47 839
15 553
8 652
37 992
1 315
43 787
7 99
38 795
32 194
4 826
30 737
13 560
40 560
27 285
21 639
4 557
14 570
47 456
48 777
20 329
42 581
6 160
8 603
13 359
39 295
26 766
46 549
20 266
31 15
30 320
4 206
4 326
4 885
3 690
28 188
17 656
17 141
16 176
3 630
43 429
3 548
17 904
3 31 12 37
4 25 48 15 22
4 8 11 12 36
7 21 18 23 49 42 24 39
2 46 35
3 44 50 45
2 23 5
4 5 21 40 23
3 37 12 31
2 42 29
4 23 5 21 40
4 38 46 35 16
1 46
1 10
2 47 9
100 20
0 136
24 6
33 828
76 392
97 920
46 169
32 987
17 500
94 495
100 270
4 436
38 449
57 509
73 518
72 215
31 386
39 713
1 237
99 828
13 201
45 669
82 34
18 919
90 351
57 580
93 573
1 758
38 995
9 41
75 242
27 946
14 661
1 712
37 147
24 504
18 521
94 433
1 677
69 897
8 801
86 647
50 960
17 817
5 639
69 383
70 723
99 331
38 17
20 721
9 689
45 846
53 322
31 339
59 432
27 769
100 619
33 202
13 141
13 273
56 169
51 662
13 789
13 123
57 653
97 490
42 785
54 659
1 699
38 826
33 439
93 92
79 226
18 683
6 425
68 920
75 680
27 900
38 242
75 65
3 681
45 523
80 946
17 122
63 199
63 560
89 599
68 515
74 318
73 929
77 979
18 540
70 771
95 238
18 457
100 691
29 189
15 235
76 21
75 756
79 338
2 25 20
1 54
2 74 92
1 20
3 93 71 26
8 71 26 99 11 10 72 44 93
1 37
4 85 49 13 20
1 7
1 44
4 82 22 3 80
2 97 15
1 29
6 22 64 25 46 88 82
2 61 81
2 32 14
1 35
1 69
5 31 35 2 24 53
2 86 41
100 20
0 485
34 144
31 553
72 555
34 742
63 272
31 574
31 852
45 495
16 311
38 968
45 198
45 997
7 635
21 565
34 718
3 958
54 124
8 677
93 341
1 92
6 289
65 132
4 296
12 307
5 795
12 610
16 930
54 364
43 286
1 64
73 809
40 982
1 96
29 397
5 519
39 945
21 838
21 17
34 351
2 906
90 652
10 515
96 752
1 159
2 338
20 577
41 661
90 773
89 194
8 324
17 551
38 779
21 71
20 181
45 353
37 257
16 28
71 643
16 334
46 961
6 651
16 697
84 610
2 535
44 839
49 734
77 486
59 898
17 419
31 600
21 343
4 733
63 457
25 245
97 907
1 500
4 654
80 542
99 18
9 106
35 211
16 622
2 119
92 812
50 846
67 731
37 460
16 688
46 187
57 315
93 751
44 946
12 621
8 277
45 224
38 967
61 95
68 292
21 225
2 98 61
2 24 73
1 32
3 43 10 30
6 55 85 47 92 20 93
1 91
1 59
4 82 57 24 100
1 35
8 66 47 93 85 20 96 44 55
1 35
77 11 55 42 24 23 61 71 75 3 36 15 49 10 54 95 92 41 17 96 82 25 57 18 52 56 99 4 14 2 37 20 65 53 58 34 83 88 1 70 16 21 72 35 9 100 5 62 84 85 73 68 44 63 80 60 94 27 48 69 45 12 47 13 29 77 32 22 46 76 67 78 19 31 40 90 98 89
1 85
2 48 41
2 35 82
5 16 58 86 28 60
1 57
2 70 17
5 83 63 30 86 60
1 23
1000 50
0 2834
246 8159
363 2923
775 7180
363 1275
752 415
550 9540
858 5098
190 8325
397 4788
631 893
606 5966
769 9307
70 5666
42 7400
221 8037
728 3992
152 4843
70 4931
904 3148
303 6395
606 1777
315 5759
796 3088
537 9141
467 9267
242 812
188 1762
483 8148
423 4893
232 5589
200 642
715 9474
733 611
471 8826
980 3073
998 5900
413 6979
564 4110
334 180
308 891
537 8310
131 9840
70 7941
986 6364
943 7913
840 8727
210 6068
230 1854
222 1664
347 8698
340 3579
455 1140
77 279
816 9917
229 509
919 6212
951 6876
643 3539
316 606
803 5352
912 1789
280 6657
878 3053
892 5995
15 2563
685 6277
619 8817
286 557
146 2117
448 2374
427 1481
140 3597
495 644
115 1467
894 6090
794 4522
827 4099
255 6029
243 6302
556 3030
643 2702
550 6396
329 4028
448 2102
192 8954
448 9703
19 1137
85 7453
900 2808
44 8785
472 6115
454 6013
569 1681
675 628
271 4613
221 3492
5 2553
58 2701
472 589
448 1254
916 6899
318 963
137 3922
70 7748
362 354
912 8269
552 4197
803 9997
16 2022
440 1405
593 516
980 2493
580 3329
192 9507
440 8419
247 6103
937 1105
204 1392
384 7548
954 9894
803 7703
360 9668
679 773
163 5087
92 718
894 9413
207 2965
257 1459
907 327
859 7754
927 4770
618 1966
733 8355
345 9278
61 3861
70 230
391 7890
799 6148
318 2399
748 6677
416 1809
323 2620
592 3316
308 5878
59 1364
431 2504
105 9713
45 3515
143 9400
747 8911
878 1286
943 1089
440 1068
527 658
212 1314
771 7359
685 9233
64 948
525 7855
540 5055
462 3910
228 3276
743 3068
859 1531
927 6548
877 8229
738 6220
70 5871
242 5724
294 666
173 8956
111 7351
410 6810
424 3719
299 7156
632 7483
496 4735
374 5421
283 2090
741 8646
199 4686
229 6678
410 2598
842 643
41 6309
972 7256
803 9292
614 4014
333 5527
840 2490
19 1276
842 2568
257 1571
381 4355
484 4742
46 2110
408 8374
995 9177
63 3644
119 1533
87 3898
876 8891
448 3730
207 6506
318 332
569 2852
627 8409
575 3010
740 4635
76 30
109 7223
912 2827
611 4226
475 7377
819 410
643 8416
767 1822
83 1425
947 5415
258 7702
930 104
254 7462
121 9824
969 5478
254 827
594 7964
188 3294
930 9577
62 9776
62 7837
924 3083
164 3579
251 5096
865 8106
371 3569
677 316
111 8281
14 4082
336 6245
465 6638
747 3659
719 9764
10 362
569 3874
762 7141
88 6072
378 7387
384 73
735 9337
631 566
367 52
806 2850
786 7826
59 9354
134 6692
177 5835
397 2688
18 6247
817 8892
217 3190
525 1066
325 1925
204 4167
337 6908
202 8133
960 5290
706 183
173 4849
550 8511
155 5857
281 6982
32 7453
633 2871
562 8794
793 5273
219 2155
122 6375
280 9024
146 355
378 3537
355 9386
546 3279
339 7590
505 3273
70 7756
857 6066
599 4083
730 5309
599 4660
643 2021
206 9096
504 2728
919 1084
67 5130
154 6896
733 1674
852 688
546 4473
842 5307
874 22
532 3501
526 7588
832 4908
467 1376
415 9935
408 1619
997 2036
105 7541
61 6566
41 1042
120 4546
835 9629
67 4776
101 6367
924 5904
770 9481
924 8105
878 1238
680 5166
388 1493
175 3474
286 7457
228 7433
296 726
476 5263
988 4169
83 1876
994 7095
343 3549
567 2983
509 2438
105 1439
196 4443
728 2672
378 401
217 2068
613 2724
283 1875
137 8447
806 1286
559 6386
267 5465
933 2688
88 994
299 305
806 5201
103 6540
91 8897
309 2022
203 2307
975 3723
141 2673
540 436
747 7437
803 6053
41 1532
816 9291
179 108
734 945
168 5865
120 9501
14 5489
444 6795
248 6651
995 6446
70 1649
590 3068
478 5463
44 8493
552 2767
323 6914
449 1971
998 5857
636 6422
697 229
381 5033
730 2781
633 8859
480 5293
930 899
803 8319
843 7997
803 1589
886 1281
576 7013
685 7866
606 2584
747 9161
606 7857
794 9531
44 1248
472 4066
880 7249
148 8409
462 7445
315 4705
88 327
213 3293
73 4168
92 6807
42 9785
14 1467
510 8200
102 9419
154 3028
264 8818
294 1681
772 9612
70 4227
504 4372
188 7913
569 648
153 7849
505 4772
861 5860
680 2525
634 8386
254 997
897 2058
109 5549
599 3084
26 1133
70 1972
842 9889
309 243
487 1024
875 7608
257 3132
104 5569
746 9931
446 984
527 550
598 6688
447 4461
567 1301
375 2761
62 1990
483 3110
323 7812
967 2358
120 4319
862 495
438 1015
973 3921
567 2217
484 3445
803 7785
998 5215
761 6373
222 3168
712 9622
472 7676
91 92
449 4297
803 2369
162 8359
202 3361
455 9183
740 3055
247 4503
856 5916
396 5971
424 8072
189 2947
236 4325
238 2463
864 1695
391 5463
88 8236
984 8635
323 1079
155 9746
222 1114
552 4993
196 7151
958 6441
549 2320
682 9309
13 7592
441 4727
898 1271
245 9296
794 385
653 3260
932 3433
299 4764
528 2208
11 7743
384 6955
809 430
118 1723
740 2742
728 3991
336 2092
761 47
523 7276
956 6981
582 908
491 2873
82 2055
759 1238
932 627
206 2715
435 3603
891 986
517 653
633 4837
525 5518
207 835
69 6979
353 6065
467 2617
951 3729
478 172
448 2492
298 2692
363 966
319 6746
697 1083
857 7773
22 58
585 1315
738 4827
781 5679
876 3355
286 9326
954 5850
41 5779
527 7866
648 5495
361 3057
169 8766
997 2045
907 1389
626 742
318 2560
428 3469
231 7428
341 9256
85 2727
141 6490
825 1556
173 1490
286 8576
421 1858
888 6582
763 8079
293 2217
289 7662
145 7314
769 1017
38 6855
316 800
308 4232
363 5541
510 3555
480 6483
424 49
620 3606
395 1410
103 8154
968 6984
403 3856
63 5442
557 7328
448 5009
907 8821
769 330
204 479
280 5009
170 1218
997 7462
247 9961
288 1915
408 2549
133 5564
26 2632
601 5668
906 4697
36 152
778 2635
56 6785
856 6409
315 2727
40 7220
954 6845
761 4744
213 8265
69 6781
162 1240
794 9108
249 6905
526 6826
957 1756
136 9761
299 9747
793 2573
794 6760
915 8582
228 3581
352 7530
204 8035
244 7430
601 2647
191 9886
40 8942
907 6283
44 8550
712 228
95 502
367 6054
872 4264
196 7830
990 5155
175 1848
951 4845
926 1562
138 9927
367 440
997 1380
746 6019
136 4841
811 5253
815 196
249 7483
483 5
256 9090
666 658
972 5979
643 9792
105 4418
770 6991
63 6408
280 2755
693 8235
228 1575
781 5038
462 4114
545 248
360 9548
95 4728
1 314
22 1709
800 349
616 4628
143 3561
950 8920
337 222
486 2250
280 7608
279 819
494 3366
448 4474
361 6588
423 305
824 2043
685 1463
221 1849
728 5318
140 1303
41 4075
243 6197
862 2092
693 7688
136 3954
818 8266
386 1824
721 2478
640 4841
455 3533
170 4088
516 7636
292 303
196 4794
85 8295
491 3541
249 2669
374 554
280 4395
236 241
813 8861
971 4985
761 8273
337 1286
573 5027
876 392
229 2082
567 4178
598 313
408 8263
95 7282
920 6801
173 7414
261 2316
926 2915
669 3403
813 3416
516 9478
903 371
294 2810
188 1022
966 5099
442 549
212 2375
506 1854
682 9787
738 967
951 3890
355 5090
496 9782
340 1921
725 2803
650 952
403 4122
291 1587
365 9960
200 4654
537 5737
845 3886
111 6067
931 1493
995 7085
526 2684
42 5533
547 8045
880 4074
794 1113
805 4746
484 4665
873 3414
7 8200
154 2786
546 35
87 8859
518 852
796 7548
413 6908
70 9505
410 4716
109 8119
750 1194
128 511
619 1101
428 3182
975 8242
59 776
924 9030
431 8132
384 3870
463 6279
249 7456
394 1388
906 5300
891 1437
854 4698
141 4306
541 1966
65 6342
279 6501
109 5473
280 2439
935 3189
384 8287
292 3043
224 5865
463 6952
229 4944
136 2731
476 1669
710 544
47 7791
856 8134
490 3942
956 9844
543 9808
181 4859
747 1508
49 6590
536 832
290 2054
191 1529
402 4370
155 8239
79 3676
924 2555
840 6857
688 1695
78 2811
562 923
58 4996
230 1877
181 1960
109 1228
52 7859
752 7918
884 4389
733 1761
258 9287
325 2935
181 4903
525 6201
643 318
196 3196
406 4368
196 1907
363 340
310 6281
101 9615
412 757
289 1692
511 2085
924 3689
770 9530
861 8888
88 2200
323 2244
616 1836
46 6830
915 6260
120 1523
288 4010
196 1651
124 3499
856 2713
86 1911
146 1466
490 3214
403 6792
242 1301
318 5727
542 946
309 2463
685 4118
222 9888
57 8787
677 7810
475 4899
14 6055
196 9620
261 8127
554 5360
462 6268
19 140
61 2016
213 9704
196 2215
674 692
285 8898
100 938
83 1393
294 5772
951 5170
333 8307
776 9056
87 2544
205 7185
791 8740
146 3680
622 4454
550 2990
191 8592
442 650
201 8820
785 6788
626 7914
316 6027
119 3184
5 8163
565 8448
207 6205
871 958
825 3738
510 2666
283 1042
101 322
302 7289
913 2372
239 6723
280 7494
19 62
993 2670
819 1241
391 8359
829 7157
458 6681
141 9157
708 1833
839 3415
33 532
852 7925
484 3381
778 1839
920 359
193 501
145 5871
871 4576
627 18
248 488
146 7877
71 4478
516 9340
261 3450
977 5928
9 3959
424 344
960 5016
307 9098
920 5736
920 9163
605 6330
735 9124
975 5802
907 1947
876 1029
192 1976
439 1145
360 5117
840 1275
486 2744
950 3236
647 843
994 3720
217 1619
274 6301
579 5607
279 62
356 2150
579 5200
603 3494
918 1618
873 572
856 1211
946 5741
757 4991
238 709
334 9047
288 4853
13 6383
120 8967
859 6318
786 4416
191 8560
817 4402
990 7920
334 5743
221 1145
516 5143
371 1416
138 6983
391 1696
540 963
935 2206
212 133
675 5563
740 9488
988 8401
85 3215
743 9766
61 7442
271 2766
165 2270
677 5346
848 2070
994 7134
115 6552
180 8123
228 7849
323 2206
616 3500
307 9836
712 9223
31 2749
246 4788
286 2843
212 955
323 3445
580 1685
975 9692
585 6070
374 6508
614 1281
888 4960
631 7820
294 61
943 3539
976 1384
546 3286
73 8940
674 6904
101 8656
799 7216
71 8923
58 3750
735 4207
91 4408
59 2272
146 3001
785 6829
995 7322
2 946 934
2 714 650
1 729
2 386 171
1 595
4 583 688 183 788
2 351 203
2 417 320
1 441
2 512 353
13 219 793 781 149 388 508 283 171 987 586 744 801 77
1 51
3 642 214 692
17 507 198 307 908 408 971 171 985 706 701 691 298 891 268 294 576 755
3 841 700 261
2 973 232
2 429 129
5 9 333 854 756 905
1 164
23 683 277 22 644 328 781 12 971 840 811 692 576 65 782 409 171 592 317 709 509 40 416 550
5 385 266 458 202 886
11 162 462 751 463 767 639 843 591 457 218 396
7 826 117 405 345 88 844 115
6 236 838 681 215 466 949
1 235
3 36 581 113
2 137 104
1 246
1 808
194 759 592 908 717 653 216 326 952 770 508 644 782 982 811 994 951 386 492 321 797 58 822 852 965 281 971 495 336 196 642 937 891 985 74 68 706 986 414 806 517 422 408 522 416 619 161 289 849 409 443 306 390 815 189 354 197 378 272 861 883 755 804 45 728 307 691 144 476 787 614 840 65 288 191 138 262 347 660 47 317 241 248 683 415 606 485 709 802 334 46 772 847 391 341 507 219 648 730 611 794 668 624 744 294 285 540 142 943 502 899 919 274 853 83 892 335 22 938 934 484 509 858 550 955 921 664 851 617 675 791 814 435 506 99 525 633 118 57 329 332 153 7 95 923 198 465 379 884 171 54 270 732 925 17 447 607 946 8 576 328 253 531 781 277 950 638 599 268 209 514 575 388 505 625 586 12 40 149 214 240 819 692 823 701 298 77 84 836 160 365 862 469 51 494
3 148 561 833
1 783
1 602
8 819 153 883 45 943 986 216 197
1 298
5 43 131 859 962 941
2 506 755
4 697 721 520 376
1 80
3 480 558 380
2 622 860
2 822 938
12 913 749 18 602 64 979 860 878 975 622 431 746
5 331 567 689 432 446
2 148 561
1 560
6 946 937 607 118 492 586
2 968 563
3 72 427 487
1 855
1000 50
0 3184
10 10920
999 3334
9 16073
84 18619
148 14419
126 2862
761 18073
69 10172
386 12895
478 31141
444 14037
326 21040
80 15195
877 20540
578 10949
737 7868
373 26442
940 31538
122 31801
92 20565
642 8370
170 2057
6 26098
111 18512
159 24352
59 16165
573 26672
335 21492
821 25683
766 10116
724 13457
462 11714
126 1277
89 6739
45 19160
721 17602
551 23351
778 29919
223 15146
538 18936
405 19322
219 29067
89 5652
41 20866
670 28310
357 15210
848 28525
373 22536
214 30666
88 12550
171 470
198 2991
525 12513
266 16016
560 17953
881 997
483 26
1 21236
525 29859
249 15229
909 4090
626 8033
416 14554
974 13270
398 10694
183 14997
494 6576
77 19773
153 20877
336 8415
726 7722
723 17154
527 21589
716 20110
77 30729
994 30675
514 3348
451 17432
986 30416
972 25185
541 27336
703 31851
642 12166
473 17031
249 9489
425 31429
877 24742
881 15886
11 24014
59 23748
191 28442
680 22714
715 31278
406 18110
232 815
922 31925
255 833
616 30671
1000 17269
627 17169
357 15311
19 23720
573 31901
691 29114
408 16767
364 4671
761 2319
501 16954
648 31904
153 21058
870 15584
233 892
943 29242
342 7399
299 22745
228 6220
86 15056
597 16499
670 6843
862 28091
574 3564
527 31392
224 5968
445 18658
545 22942
48 13668
682 666
388 1085
936 12887
555 32652
202 30969
721 32662
104 19416
909 27704
994 10068
634 3086
223 21090
167 9086
67 4724
284 30564
193 21245
268 30114
45 31471
559 23476
719 17600
197 30759
804 25283
118 20384
528 29327
232 25734
843 20371
59 5359
506 17940
465 3786
485 29069
197 18138
680 9190
384 19788
920 26402
84 2126
311 31765
620 30215
738 7027
457 13542
695 30836
728 17138
159 10631
255 13612
445 1149
862 30773
517 8389
975 12740
371 31809
412 31191
659 21867
912 22401
364 25950
185 31426
88 13437
975 29313
844 155
469 18846
214 13056
218 25017
707 9829
326 20879
680 14837
264 14693
376 11280
710 32176
860 3576
466 7660
225 2696
180 7397
41 10308
469 19584
260 29880
710 5306
294 30640
813 4621
713 13787
801 14659
897 30458
100 23035
916 31049
335 3006
541 2897
88 16463
423 24691
541 3061
454 1355
528 8099
728 27993
235 20553
97 31514
937 26570
922 2176
370 10984
760 20183
881 11527
587 30960
573 17321
691 27615
842 11321
59 31126
429 24813
573 30581
924 10348
367 391
147 4670
45 13724
972 10808
244 24084
266 11092
714 31255
528 20779
600 5838
971 8961
242 2033
506 29338
405 16478
442 29738
937 5696
916 2929
906 14743
808 4918
472 8067
441 28423
392 27604
877 22153
310 2362
165 5247
34 20968
424 23913
135 1932
973 4392
999 20012
153 29249
555 12878
124 1695
371 22316
100 30482
483 32477
87 18302
469 26939
700 15399
507 17311
412 23600
285 13569
949 318
278 24921
258 24855
760 22625
566 30444
876 24721
229 13317
525 28368
45 11045
97 32329
996 11763
658 22523
233 4671
862 10751
768 15813
940 20600
108 28825
716 16835
139 16026
487 21239
558 20892
149 25441
620 19085
842 9076
49 10908
9 18505
526 11085
885 2110
756 4053
627 32706
349 20543
57 24948
797 5096
451 27925
333 19488
900 17987
114 1850
948 30489
913 32231
992 31752
876 22712
294 2869
274 29544
440 21241
285 14153
15 4266
931 27903
716 24100
938 14293
18 9067
225 25438
986 24404
231 28938
173 7233
91 15581
537 6701
244 15357
551 27299
64 3456
783 26629
221 20395
111 2063
847 32595
179 32412
483 13051
145 32630
565 25714
935 21307
444 24163
31 13353
973 1610
441 31624
627 13164
510 7910
705 75
780 8770
185 29332
894 10977
444 7327
895 5880
501 6533
214 14875
972 984
648 23715
425 27260
893 16353
425 30247
680 15541
641 27930
167 10978
274 8214
636 14895
368 29336
152 16103
501 24134
450 22963
986 18837
821 22822
384 3257
859 17657
528 6599
483 5519
573 24846
59 21681
421 29140
466 28073
565 17448
245 2535
186 31951
23 6584
691 19732
883 6075
47 29336
573 12213
641 3307
223 27688
465 16514
602 14086
689 20358
653 12316
680 14233
945 31425
124 28964
621 21037
894 21646
581 24578
633 8055
824 24361
899 20487
998 19220
556 12383
384 468
486 27899
707 19422
469 9979
616 25246
620 32700
991 32409
825 32598
912 3402
144 25247
860 5165
841 27559
647 7229
483 15408
376 21508
662 16056
356 8718
425 3478
67 30540
829 27581
937 28092
231 20693
370 19979
1 23768
467 32637
883 23345
167 22784
841 5196
783 23851
843 25159
133 27372
904 18974
102 14673
658 29786
59 20745
425 30
638 30578
487 26610
69 9252
721 30812
126 309
872 29605
986 9576
891 2911
470 28938
120 20084
606 1754
823 30422
395 4058
916 6439
380 26274
441 26740
79 21618
153 13344
633 27621
602 30370
290 8723
538 21316
588 20896
71 7077
718 25041
663 16391
642 5064
695 3204
357 14913
197 4921
514 19699
357 23651
67 1626
627 19646
384 7142
986 19292
738 13663
406 30194
587 21469
159 22336
89 122
857 25010
73 25595
847 23469
142 22961
197 17429
602 14644
226 12686
565 30081
894 30179
261 16387
956 29506
334 1502
199 30603
491 13887
229 7545
702 26077
551 23593
319 4580
837 30273
318 18211
883 10414
18 9339
37 23240
388 24972
804 6202
28 16344
580 4861
694 8884
402 17463
475 6994
854 26323
940 4475
562 14627
579 9242
89 13058
228 30612
83 1522
467 7560
820 4665
195 19506
796 8642
165 11801
66 12563
587 27060
991 13437
858 9831
538 26473
64 3977
860 8061
573 387
679 20388
178 28160
537 3417
135 13347
560 21684
801 21349
783 30627
95 427
398 7462
1 22934
680 10617
788 29440
266 27177
327 13620
937 15977
157 3595
62 10499
641 3770
347 12941
581 12980
642 594
549 16612
226 17029
691 8684
221 22054
506 32636
710 28696
30 45
684 2772
972 11971
77 2088
501 12925
711 30653
217 3792
91 21721
836 9128
424 2475
217 3316
580 6524
527 24800
706 22489
58 25299
617 7121
367 12995
690 31137
963 22838
144 18122
612 30555
28 9791
425 26855
415 5468
642 25040
62 4547
537 32632
80 16611
771 31956
58 6134
15 15560
37 2589
501 21613
401 7953
127 22878
224 20481
559 30004
45 8920
751 8269
725 13310
999 19599
519 5196
783 22198
673 1670
715 13164
616 3799
667 7934
33 4670
786 11473
219 9935
173 26303
260 32286
180 11441
616 22668
915 25147
598 22630
304 23454
1000 22870
216 16563
120 244
940 14314
31 28538
250 11259
307 9470
737 12627
41 15714
664 8504
994 20315
376 32360
538 19042
821 16384
406 29852
68 8693
356 14357
108 11016
931 16796
510 29401
401 27165
246 4722
86 23701
123 10289
717 32171
714 20759
448 10949
656 4476
467 905
226 3553
598 16136
356 13883
441 9861
996 32755
283 30936
457 16266
593 2565
592 25211
682 10379
891 28447
117 12695
76 19527
948 18953
12 27011
395 3901
134 12198
261 25831
432 6751
431 10923
218 31166
424 31974
406 24609
388 17024
615 12593
59 8773
571 30016
816 19755
183 19354
1000 5330
622 18599
527 13882
149 7551
124 18907
374 27225
209 10553
199 23921
538 5801
183 21614
100 8382
922 26018
956 11094
527 31920
626 30626
848 12627
976 12222
865 22313
459 1066
374 13489
796 30245
710 21028
465 29184
525 13714
691 25940
77 26664
494 5055
842 11779
825 27494
568 19075
840 30874
355 17602
710 25345
485 4224
991 4139
60 4060
583 2311
689 5006
851 23358
1 18632
25 5059
664 18926
975 27517
690 21789
578 159
695 18431
877 25360
703 23670
580 23856
344 19199
716 29860
994 8467
837 23020
365 10407
144 15593
224 10561
364 23889
266 11780
189 5318
217 25444
694 1763
598 281
831 17059
975 12626
2 11089
407 11259
266 7833
555 12886
187 29945
175 21617
592 18567
559 17253
266 26306
139 11018
926 13671
375 1023
542 6318
475 26715
324 2714
417 29000
159 24414
871 2985
169 28142
465 14467
567 32735
223 23996
662 31307
940 3399
695 21721
406 29826
15 27373
97 22323
682 27473
226 11206
634 26593
62 20790
564 26830
804 14736
227 19819
837 31868
158 8980
222 31849
920 2568
75 3167
437 27053
796 2382
784 32344
658 13045
510 21223
909 16046
680 10721
695 19679
266 7391
976 6009
10 17012
862 25890
303 17417
81 6229
574 9926
943 15174
695 25644
38 3803
335 11735
135 28829
151 1475
538 23966
616 26837
563 5121
356 17381
215 29060
41 13896
983 7270
719 2045
459 31797
813 8773
770 9362
235 6789
616 30295
30 5735
483 26164
538 24057
228 12272
680 6608
627 20143
167 5692
719 24888
922 31457
435 21188
280 4542
714 22551
702 20682
830 6270
634 7762
797 26155
846 11687
170 20331
319 18306
796 6484
102 4041
424 16604
58 7996
815 26412
851 23284
675 32105
649 1814
111 29243
327 24262
1000 13187
22 6981
425 4450
738 22668
816 17832
97 30756
501 27905
117 20679
173 4885
840 9326
67 3208
15 6277
155 2522
877 26593
562 14274
175 22749
15 8524
411 8560
106 18389
291 3885
649 25710
525 27596
374 11593
605 5503
573 23690
328 6226
705 21370
209 16097
96 21428
552 30068
289 17241
941 30798
424 17156
101 7595
583 29101
424 29567
168 6794
761 10371
996 12111
357 13814
720 17767
34 14779
422 28490
223 32426
528 5291
386 27560
911 32667
648 844
673 5097
136 19196
625 17773
384 2144
180 32159
217 30042
76 6815
940 6388
151 18054
55 30471
60 15410
602 10499
537 15057
470 2936
472 26700
837 5790
510 30166
425 10730
519 11716
628 6649
652 17916
211 29532
770 10856
398 12735
27 7971
563 25121
901 19286
356 29719
209 19989
900 14244
223 14111
658 29843
23 19264
192 12227
938 9857
262 6245
1 13087
92 27640
286 21220
956 17748
775 26470
197 22354
996 6483
17 12145
38 3285
775 15456
41 24292
6 13917
474 28623
95 14529
626 26660
97 13369
797 24442
406 10594
994 4060
478 12522
527 23630
847 5904
123 29926
994 7123
356 6102
102 12770
50 15233
742 5187
133 15780
165 20862
673 12410
573 21237
231 13403
656 16070
795 28356
823 30593
326 22752
203 18447
877 27314
62 11999
124 32140
374 19413
351 5418
364 22791
807 5501
373 32557
962 25900
963 8373
586 279
861 19683
940 7275
15 26051
657 15459
986 19359
609 20367
635 5331
728 23671
497 22907
484 6699
717 17907
842 7013
159 8041
764 30217
932 2400
406 22327
122 24768
947 3401
963 15247
1 4476
151 20673
465 2407
224 30694
374 29276
527 13179
135 7797
215 27097
506 5141
723 7587
573 24846
3 943 114 840
3 748 508 475
2 189 729
55 152 596 727 449 908 819 543 770 431 422 723 661 542 410 125 327 837 217 480 23 906 97 244 826 806 170 137 843 497 246 937 273 918 614 880 364 216 275 3 999 652 530 747 562 258 178 445 380 452 852 901 566 511 891 634
1 641
2 741 592
4 760 361 313 220
3 203 959 801
1 297
13 414 647 857 233 283 113 353 291 788 558 479 972 81
6 215 800 807 997 235 966
2 309 913
1 61
2 985 932
102 349 301 637 719 131 649 616 600 104 470 627 648 372 661 713 992 154 391 789 532 134 117 957 136 784 38 546 277 351 599 215 806 524 729 64 217 631 635 572 522 54 120 983 439 718 568 960 964 947 754 170 509 329 312 60 903 752 290 4 444 181 598 353 47 467 412 360 48 165 706 437 375 670 512 203 304 892 705 402 77 483 813 84 564 933 186 339 91 379 578 455 119 86 177 26 155 883 881 956 319 607 587
4 835 593 524 858
3 492 491 678
3 756 299 116
1 432
2 653 390
2 786 604
2 567 755
1 123
6 516 546 641 426 467 359
1 700
2 375 746
21 532 879 545 582 34 7 254 909 126 537 739 31 346 311 898 256 780 996 66 548 531
1 910
2 542 747
23 663 377 861 565 822 337 753 605 370 870 486 873 43 424 830 169 971 463 112 859 403 255 219
1 720
2 588 460
3 637 981 717
4 375 421 746 829
3 929 163 293
1 24
4 60 896 569 706
1 2
5 364 178 107 727 965
1 450
3 163 620 736
4 765 823 957 634
2 628 905
1 11
1 401
20 253 204 602 665 354 110 897 165 502 648 129 520 667 484 388 457 980 885 298 951
2 621 394
1 746
1 27
20 957 891 327 566 452 880 422 806 410 979 999 234 912 137 511 906 273 23 244 3
