50
-192 -944 736 -72 -354 276 -24 -118 92
0 0 0 0 0 0 0 0 0
-618 420 -582 -824 560 -776 -721 490 -679
-324 -482 -367 -576 104 -874 584 889 -403
145 395 485 215 128 -119 350 34 512
-853 490 354 770 -660 660 -725 700 -975
723 -758 -291 723 -758 -291 68 -657 -285
602 -588 -89 -374 -246 -249 893 106 573
0 0 0 247 247 247 484 484 484
-100 171 -317 -200 342 -634 -300 513 -951
57 737 -715 374 -6 -818 -189 -174 555
-233 719 -679 -993 504 -137 583 -369 -88
-510 895 -540 -306 537 -324 -102 179 -108
-200 -308 -34 -100 -154 -17 -400 -616 -68
-252 458 -680 -267 -79 387 -661 992 459
987 -871 -714 987 -871 -714 831 -544 -19
634 -110 844 634 -110 844 -66 326 493
-846 -246 -642 -282 -82 -214 -564 -164 -428
-147 -375 -252 -98 -250 -168 -49 -125 -84
-814 -476 475 -429 789 676 -814 -476 475
-509 99 -241 751 -817 837 -843 -684 214
-921 -609 268 -363 -231 88 472 -42 554
200 -749 443 611 -845 -592 767 885 960
647 -923 433 -6 345 -461 -6 345 -461
896 -816 896 112 -102 112 224 -204 224
972 764 -731 972 764 -731 358 133 -744
-723 -841 871 -992 -213 -320 -992 -213 -320
-324 -45 -585 -72 -10 -130 -288 -40 -520
-285 -385 450 -342 -462 540 -456 -616 720
-298 108 -162 227 -109 -505 452 -202 -652
888 -790 254 62 759 -371 888 -790 254
0 0 0 -781 107 -651 0 0 0
185 158 -18 555 474 -54 925 790 -90
760 91 405 0 0 0 0 0 0
-924 63 -182 -349 854 -162 -396 27 -78
-936 312 -588 -468 156 -294 -702 234 -441
-204 -153 336 -340 -255 560 -544 -408 896
565 -736 -786 94 -250 304 985 -683 -660
409 -207 -272 -26 242 818 157 226 524
-177 124 -120 798 124 -120 738 589 -570
674 466 870 131 -117 701 -917 -893 -520
-20 -252 274 -70 -882 959 -30 -378 411
526 -90 -573 566 -92 -625 166 -72 -105
329 172 -429 77 -147 -950 582 -74 766
551 444 547 296 -977 -500 296 -977 -500
-833 -566 -618 -72 -138 -714 -875 -760 695
945 -181 45 195 515 -357 945 -181 45
-58 124 78 -261 558 351 -116 248 156
31 -897 -59 31 -897 -59 31 -897 -59
679 -484 384 -566 -179 -99 -765 980 249